answers,creation_date,len,postid,question,ratio,raw,tags,title,uniq,words,probability
figur turn httpclient class method solut follow,2020-04-23 18:12:06,47,61394174,util rest api local web server self-sign certif runtim applic throw error authenticationexcept remot certif invalid accord valid procedur fix answer https://stackoverflow.com/a/1386568/8980983 howev error remain code idea effect ignor ssl polici error,0.19148936170212766,9,c# .net ssl,ssl polici error httpclient .net,5,ssl|signing|certificate|authentication|validate,0.36532220244407654
,2017-05-08 07:51:54.257 UTC,34,43842430,tri valid password match previou password enter success valid login applic try valid forc user chang password login remot valid work code model remot valid view:rend script,0.4117647058823529,14,asp.net-mvc c# javascript remote-validation,remot valid mvc4,4,scripting|validate|password|login,0.36452531814575195
,2015-03-31 14:18:17.303 UTC,18,29370821,reason except tri valid token error,0.3333333333333333,6,.net c# jwt security wcf-security,idx10500 signatur valid fail unabl resolv securitykeyidentifi,3,security|signature|validate,0.3521988093852997
,2018-04-13 05:25:15.427 UTC,73,49809843,remot certif invalid accord valid procedur descript unhandl except occur execut current web request pleas review stack trace inform error origin code except detail system.security.authentication.authenticationexcept remot certif invalid accord valid procedur sourc error unhandl except gener execut current web request inform regard origin locat except identifi use except stack trace stack trace [authenticationexcept remot certif invalid accord valid code,0.1917808219178082,14,amazon-s3 amazon-web-services asp.net c#,amazon s3 file upload work live environ error test environ,5,certificate|validate|scripting|security|authentication,0.33162838220596313
try unexpect “ remot certif invalid accord valid procedure.” ...tell stmpclient ignor secur,2017-03-16 05:11:52.587 UTC,42,42825773,//everytim error messag handl secur breach bypass ssl compani ? kindli advis best handl code send email,0.2857142857142857,12,c# ssl,cannot send email - remot certif invalid accord valid procedur,6,ssl|certificate|validate|security|breach|bypass,0.3070475459098816
,2019-08-27 02:59:29.433 UTC,25,57667177,error occur token cach serial msal know cause.referenc site https://github.com/azuread/microsoft-authentication-library-for-dotnet/wiki/token-cache-seri system.security.cryptography.cryptographicexcept invalid key specifi state,0.2,5,azure azure-active-directory c# wpf,error occur token cach serial msal,4,authentication|security|crypt|validate,0.3029847741127014
workaround switch certif valid put code somewer,2012-07-18 06:08:36.26 UTC,54,11535200,tri connect gmail use c# pop3 give error :the remot certif invalid accord valid procedur given code connect host pop.gmail.com port 995 securestream.authenticateasclienthost line error occur remot certif invalid accord valid procedur pleas suggest someth solv issu,0.18518518518518517,10,c# gmail pop3,c#.net pop3 unabl connect gmail pop.gmail.com 995,4,certificate|validate|security|authentication,0.30177024006843567
,2013-02-04 19:59:59.103 UTC,91,14694555,use oracl user authent usernam password .net applic right work password chang function databas custom password valid try chang user password provid invalid password oracl return multipl error first error alway ora-28003 password verif specifi password fail rise one error fail valid shown correctli try chang user password toad client howev applic oracleexcept risen return first error therefor abl show user invalid new password provid accord odp.net document [i]f multipl error odp.net return first error messag stack avoid this? show error occur,0.16483516483516483,15,.net c# odp.net oracle,return multipl error oracl odp.net,4,authentication|username|password|validate,0.2956799268722534
,2019-04-11 19:19:58.903 UTC,117,55639733,call servic soapui work fine try call soaphttpclientprotocol.invok error remot certif invalid accord valid procedur / stack system.net.security.sslstate.startsendauthresetsignalprotocoltoken messag asyncprotocolrequest asyncrequest except except system.net.security.sslstate.checkcompletionbeforenextreceiveprotocoltoken messag asyncprotocolrequest asyncrequest system.net.security.sslstate.processreceivedblobbyte[] buffer int32 count asyncprotocolrequest asyncrequest system.net.security.sslstate.startreceiveblobbyte[] buffer asyncprotocolrequest asyncrequest system.net.security.sslstate.checkcompletionbeforenextreceiveprotocoltoken messag asyncprotocolrequest asyncrequest system.net.security.sslstate.processreceivedblobbyte[] buffer int32 count asyncprotocolrequest asyncrequest system.net.security.sslstate.startreceiveblobbyte[] buffer asyncprotocolrequest asyncrequest system.net.security.sslstate.checkcompletionbeforenextreceiveprotocoltoken messag asyncprotocolrequest asyncrequest system.net.security.sslstate.processreceivedblobbyte[] buffer int32 count asyncprotocolrequest asyncrequest system.net.security.sslstate.startreceiveblobbyte[] buffer asyncprotocolrequest asyncrequest system.net.security.sslstate.checkcompletionbeforenextreceiveprotocoltoken . anyon help issue? thank [system.web.services.protocols.soapdocumentmethodattribut http://tempuri.org/callbaixarchamado requestnamespac = http://tempuri.org/ responsenamespac = http://tempuri.org/ = system.web.services.description.soapbindinguse.liter parameterstyl = system.web.services.protocols.soapparameterstyle.wrapped] public void callbaixarchamadolong numerochamado system.datetim dtbaixa int motivo int statu { this.invokecallbaixarchamado new object[] { numerochamado dtbaixa motivo statu,0.17094017094017094,20,c# soap x509certificate,soaphttpclientprotocol.invok - remot certif invalid accord valid procedur soapui work fine,5,certificate|validate|security|signing|scripting,0.2861758768558502
,2018-02-01 16:30:09.35 UTC,38,48567481,attempt launch .ex file use differ user credenti keep return unknown user name bad password error verifi correct debug anyth wrong code,0.15789473684210525,6,c# impersonation login win32exception,c# error win32except unhandl - logon failur unknown user name bad password,4,login|user name|password|credential,0.2852131426334381
use visualstudio develop server iis7 express?if use try try,2013-05-29 08:33:37.507 UTC,52,16809053,"tri ensur non-standard error messag sent user secur reason gener standard error messag setup work perfectli fine tag web.config problem point 403,400,501 error messag still redirect url caus problem 411 error invalid content length",0.057692307692307696,3,asp.net c# http-status-codes security web-config,custom error redirect work,2,security|validate,0.28263095021247864
sure directli one invalid try retriev user activ directori determin one wrong fals valid,2017-11-23 05:22:22.287 UTC,32,47448104,use ad authent applic find get invalid usernam invalid password,0.375,12,active-directory c# principalcontext,principalcontext.validatecredenti find usernam password invalid,5,validate|credential|username|password|authentication,0.26205331087112427
,2019-05-29 07:19:26.8 UTC,72,56355064,current field valid work expect use dataannot user click creat account button need next pass field fail user click creat account button valid function field usernam firstnam fail valid i.e usernam firstnam valid function replac fail field exampl valid fail usernam valid field usernam field fail valid field usernam password account.c account.cshtml achiev scenario field fail valid pass valid field valid function,0.25,18,c# google-analytics google-tag-manager javascript razor,datalay push display field valid,4,scripting|validate|username|password,0.254302054643631
case wrong credenti add error messag model state view instead hardcod error messag div validationsummari helper,2011-11-28 19:43:29.573 UTC,48,8301377,loginmodel view alway messag wrong login wrong usernam password write messag usernam password wrong? use mvc3 c# somehow send bool variabl view sbet,0.22916666666666666,11,asp.net-mvc-3 c#,mvc3 login form wrong usernam password messag,5,login|username|password|credential|validate,0.25279974937438965
,2016-01-25 17:53:57.28 UTC,39,34999024,ad everyplay game gave string error playerset valid request build target group 25 exist #defin symbol script ad unityeditor.playersettings:setscriptingdefinesymbolsforgroupbuildtargetgroup string everyplaypostprocessor:setscriptingdefinesymbolfortargetbuildtargetgroup string boolean assets/editor/everyplay/scripts/everyplaypostprocessor.cs:754 everyplaypostprocessor:seteveryplayenabledfortargetbuildtargetgroup boolean assets/editor/everyplay/scripts/everyplaypostprocessor.cs:700 everyplaypostprocessor:validateeveryplaystateeveryplayset assets/editor/everyplay/scripts/everyplaypostprocessor.cs:721 everyplaylegacycleanup:upd assets/editor/everyplay/scripts/everyplaylegacycleanup.cs:170 unityeditor.editorapplication:internal_callupdatefunct,0.358974358974359,14,c# everyplay unity3d,error intergr everyplay uniti,4,validate|scripting|forge|asset,0.24705228209495544
plea refer thread https://github.com/aspnet/security/issues/1741 deleg tokenvalidationparameters.signaturevalid return jwtsecuritytoken current fal skip signatur valid .as workaround deleg tokenvalidationparameters.signaturevalid return jwtsecuritytoken,2020-03-11 12:23:17,39,60635967,follow code call api endpoint error happen,0.46153846153846156,18,c# .net asp.net-core jwt,idx10500 signatur valid fail secur key provid valid signatur,4,signature|validate|security|delegation,0.23662389814853668
obviou reason wrong file anoth possibl reason usernam domain inform,2016-08-22 11:33:02.383 UTC,46,39078456,solv creat window user token credenti specifi config file error oper system user name password incorrect creating/mov file network path got error mention web config tag,0.13043478260869565,6,c#,solv error oper system user name password incorrect c,4,user name|password|credential|username,0.23365096747875214
certif valid either add www request uri custom certif valid callback,2016-01-29 19:15:55.94 UTC,49,35092315,anyon know httpclient work site support tls 1.2 verifi ssl lab https://www.ssllabs.com/ssltest/analyze.html?d=sandbox.paypal.com paypal turn tls 1.2 sandbox site run follow code except messag remot certif invalid accord valid procedur,0.32653061224489793,16,.net c# tls1.2,httpclient except request tls 1.2 endpoint,5,tls|ssl|sandbox|certificate|validate,0.2304670661687851
db filebas seem lock due concurr access make sure use sql connect properli dispos properli best wrap use block consid implement membership provid class use custom authent scheme help get clean design,2011-01-20 06:11:02.76 UTC,773,4744010,put bug reach limit accept login control work fine fine mean authent often success time try log hit invis wall.serv error / application.cannot open user default databas login failed.login fail user selase-pc\selas thought wait coupl minut try everi time sinc log success time gotten beyond accept cant wait cant keep wait time sort solut love friend around display long stack trace much want show guy stack trace read wait minute.. server error / applic cannot open user default databas login fail login fail user selase-pc\selas descript unhandl except occur execut current web request pleas review stack trace inform error origin code except detail system.data.sqlclient.sqlexcept cannot open user default databas login fail login fail user selase-pc\selas sourc error unhandl except gener execut current web request inform regard origin locat except identifi use except stack trace stack trace [sqlexcept 0x80131904 cannot open user default databas login fail login fail user selase-pc\selas .] system.data.sqlclient.sqlinternalconnection.onerrorsqlexcept except boolean breakconnect +5009598 system.data.sqlclient.tdsparser.throwexceptionandwarn +234 system.data.sqlclient.tdsparser.runrunbehavior runbehavior sqlcommand cmdhandler sqldataread datastream bulkcopysimpleresultset bulkcopyhandl tdsparserstateobject stateobj +2275 system.data.sqlclient.sqlinternalconnectiontds.completeloginboolean enlistok +35 system.data.sqlclient.sqlinternalconnectiontds.attemptoneloginserverinfo serverinfo string newpassword boolean ignoresniopentimeout timeouttim timeout sqlconnect owningobject +183 system.data.sqlclient.sqlinternalconnectiontds.loginnofailoverserverinfo serverinfo string newpassword boolean redirecteduserinst sqlconnect owningobject sqlconnectionstr connectionopt timeouttim timeout +239 system.data.sqlclient.sqlinternalconnectiontds.openloginenlistsqlconnect owningobject timeouttim timeout sqlconnectionstr connectionopt string newpassword boolean redirecteduserinst +195 system.data.sqlclient.sqlinternalconnectiontds..ctordbconnectionpoolident ident sqlconnectionstr connectionopt object providerinfo string newpassword sqlconnect owningobject boolean redirecteduserinst +232 system.data.sqlclient.sqlconnectionfactory.createconnectiondbconnectionopt option object poolgroupproviderinfo dbconnectionpool pool dbconnect owningconnect +185 system.data.providerbase.dbconnectionfactory.createpooledconnectiondbconnect owningconnect dbconnectionpool pool dbconnectionopt option +33 system.data.providerbase.dbconnectionpool.createobjectdbconnect owningobject +524 system.data.providerbase.dbconnectionpool.usercreaterequestdbconnect owningobject +66 system.data.providerbase.dbconnectionpool.getconnectiondbconnect owningobject +479 system.data.providerbase.dbconnectionfactory.getconnectiondbconnect owningconnect +108 system.data.providerbase.dbconnectionclosed.openconnectiondbconnect outerconnect dbconnectionfactori connectionfactori +126 system.data.sqlclient.sqlconnection.open +125 system.web.dataaccess.sqlconnectionholder.openhttpcontext context boolean revertimperson +95 system.web.dataaccess.sqlconnectionhelper.getconnectionstr connectionstr boolean revertimperson +206 system.web.security.sqlmembershipprovider.getpasswordwithformatstr usernam boolean updatelastloginactivityd int32&amp statu string&amp password int32&amp passwordformat string&amp passwordsalt int32&amp failedpasswordattemptcount int32&amp failedpasswordanswerattemptcount boolean&amp isapprov datetime&amp lastlogind datetime&amp lastactivityd +827 system.web.security.sqlmembershipprovider.checkpasswordstr usernam string password boolean updatelastloginactivityd boolean failifnotapprov string&amp salt int32&amp passwordformat +105 system.web.security.sqlmembershipprovider.validateuserstr usernam string password +106 system.web.ui.webcontrols.login.authenticateusingmembershipproviderauthenticateeventarg e +60 system.web.ui.webcontrols.login.onauthenticateauthenticateeventarg e +129 system.web.ui.webcontrols.login.attemptlogin +127 system.web.ui.webcontrols.login.onbubbleeventobject sourc eventarg e +101 system.web.ui.control.raisebubbleeventobject sourc eventarg arg +37 system.web.ui.webcontrols.button.oncommandcommandeventarg e +125 system.web.ui.webcontrols.button.raisepostbackeventstr eventargu +167 system.web.ui.webcontrols.button.system.web.ui.ipostbackeventhandler.raisepostbackeventstr eventargu +10 system.web.ui.page.raisepostbackeventipostbackeventhandl sourcecontrol string eventargu +13 system.web.ui.page.raisepostbackeventnamevaluecollect postdata +36 system.web.ui.page.processrequestmainboolean includestagesbeforeasyncpoint boolean includestagesafterasyncpoint +5563 version inform microsoft .net framework version:4.0.30319 asp.net version:4.0.30319.1 hope do?count responses....ch event log request user422. 1309 3 3 0x80000000000000 28752 applic selase-pc 3005 unhandl except occur 1/20/2011 14:34:01 1/20/2011 06:34:01 890c153a58d84bdba72cb0163158407b 23 1 0 42af9d49-5-129399788112990000 full / c:\users\selase\documents\visu studio 2010\projects\prototype5\prototype5\ selase-pc 8732 webdev.webserver40.ex selase-pc\selas sqlexcept cannot open user default databas login fail login fail user selase-pc\selas system.data.sqlclient.sqlinternalconnection.onerrorsqlexcept except boolean breakconnect system.data.sqlclient.tdsparser.throwexceptionandwarn system.data.sqlclient.tdsparser.runrunbehavior runbehavior sqlcommand cmdhandler sqldataread datastream bulkcopysimpleresultset bulkcopyhandl tdsparserstateobject stateobj system.data.sqlclient.sqlinternalconnectiontds.completeloginboolean enlistok system.data.sqlclient.sqlinternalconnectiontds.attemptoneloginserverinfo serverinfo string newpassword boolean ignoresniopentimeout timeouttim timeout sqlconnect owningobject system.data.sqlclient.sqlinternalconnectiontds.loginnofailoverserverinfo serverinfo string newpassword boolean redirecteduserinst sqlconnect owningobject sqlconnectionstr connectionopt timeouttim timeout system.data.sqlclient.sqlinternalconnectiontds.openloginenlistsqlconnect owningobject timeouttim timeout sqlconnectionstr connectionopt string newpassword boolean redirecteduserinst system.data.sqlclient.sqlinternalconnectiontds..ctordbconnectionpoolident ident sqlconnectionstr connectionopt object providerinfo string newpassword sqlconnect owningobject boolean redirecteduserinst system.data.sqlclient.sqlconnectionfactory.createconnectiondbconnectionopt option object poolgroupproviderinfo dbconnectionpool pool dbconnect owningconnect system.data.providerbase.dbconnectionfactory.createpooledconnectiondbconnect owningconnect dbconnectionpool pool dbconnectionopt option system.data.providerbase.dbconnectionpool.createobjectdbconnect owningobject system.data.providerbase.dbconnectionpool.usercreaterequestdbconnect owningobject system.data.providerbase.dbconnectionpool.getconnectiondbconnect owningobject system.data.providerbase.dbconnectionfactory.getconnectiondbconnect owningconnect system.data.providerbase.dbconnectionclosed.openconnectiondbconnect outerconnect dbconnectionfactori connectionfactori system.data.sqlclient.sqlconnection.open system.web.dataaccess.sqlconnectionholder.openhttpcontext context boolean revertimperson system.web.dataaccess.sqlconnectionhelper.getconnectionstr connectionstr boolean revertimperson system.web.security.sqlmembershipprovider.getpasswordwithformatstr usernam boolean updatelastloginactivityd int32&amp statu string&amp password int32&amp passwordformat string&amp passwordsalt int32&amp failedpasswordattemptcount int32&amp failedpasswordanswerattemptcount boolean&amp isapprov datetime&amp lastlogind datetime&amp lastactivityd system.web.security.sqlmembershipprovider.checkpasswordstr usernam string password boolean updatelastloginactivityd boolean failifnotapprov string&amp salt int32&amp passwordformat system.web.security.sqlmembershipprovider.validateuserstr usernam string password system.web.ui.webcontrols.login.authenticateusingmembershipproviderauthenticateeventarg e system.web.ui.webcontrols.login.onauthenticateauthenticateeventarg e system.web.ui.webcontrols.login.attemptlogin system.web.ui.webcontrols.login.onbubbleeventobject sourc eventarg e system.web.ui.control.raisebubbleeventobject sourc eventarg arg system.web.ui.webcontrols.button.oncommandcommandeventarg e system.web.ui.webcontrols.button.raisepostbackeventstr eventargu system.web.ui.webcontrols.button.system.web.ui.ipostbackeventhandler.raisepostbackeventstr eventargu system.web.ui.page.raisepostbackeventipostbackeventhandl sourcecontrol string eventargu system.web.ui.page.raisepostbackeventnamevaluecollect postdata system.web.ui.page.processrequestmainboolean includestagesbeforeasyncpoint boolean includestagesafterasyncpoint http://localhost:55098/account/login.aspx /account/login.aspx 127.0.0.1 fals selase-pc\selas 12 selase-pc\selas fals system.data.sqlclient.sqlinternalconnection.onerrorsqlexcept except boolean breakconnect system.data.sqlclient.tdsparser.throwexceptionandwarn system.data.sqlclient.tdsparser.runrunbehavior runbehavior sqlcommand cmdhandler sqldataread datastream bulkcopysimpleresultset bulkcopyhandl tdsparserstateobject stateobj system.data.sqlclient.sqlinternalconnectiontds.completeloginboolean enlistok system.data.sqlclient.sqlinternalconnectiontds.attemptoneloginserverinfo serverinfo string newpassword boolean ignoresniopentimeout timeouttim timeout sqlconnect owningobject system.data.sqlclient.sqlinternalconnectiontds.loginnofailoverserverinfo serverinfo string newpassword boolean redirecteduserinst sqlconnect owningobject sqlconnectionstr connectionopt timeouttim timeout system.data.sqlclient.sqlinternalconnectiontds.openloginenlistsqlconnect owningobject timeouttim timeout sqlconnectionstr connectionopt string newpassword boolean redirecteduserinst system.data.sqlclient.sqlinternalconnectiontds..ctordbconnectionpoolident ident sqlconnectionstr connectionopt object providerinfo string newpassword sqlconnect owningobject boolean redirecteduserinst system.data.sqlclient.sqlconnectionfactory.createconnectiondbconnectionopt option object poolgroupproviderinfo dbconnectionpool pool dbconnect owningconnect system.data.providerbase.dbconnectionfactory.createpooledconnectiondbconnect owningconnect dbconnectionpool pool dbconnectionopt option system.data.providerbase.dbconnectionpool.createobjectdbconnect owningobject system.data.providerbase.dbconnectionpool.usercreaterequestdbconnect owningobject system.data.providerbase.dbconnectionpool.getconnectiondbconnect owningobject system.data.providerbase.dbconnectionfactory.getconnectiondbconnect owningconnect system.data.providerbase.dbconnectionclosed.openconnectiondbconnect outerconnect dbconnectionfactori connectionfactori system.data.sqlclient.sqlconnection.open system.web.dataaccess.sqlconnectionholder.openhttpcontext context boolean revertimperson system.web.dataaccess.sqlconnectionhelper.getconnectionstr connectionstr boolean revertimperson system.web.security.sqlmembershipprovider.getpasswordwithformatstr usernam boolean updatelastloginactivityd int32&amp statu string&amp password int32&amp passwordformat string&amp passwordsalt int32&amp failedpasswordattemptcount int32&amp failedpasswordanswerattemptcount boolean&amp isapprov datetime&amp lastlogind datetime&amp lastactivityd system.web.security.sqlmembershipprovider.checkpasswordstr usernam string password boolean updatelastloginactivityd boolean failifnotapprov string&amp salt int32&amp passwordformat system.web.security.sqlmembershipprovider.validateuserstr usernam string password system.web.ui.webcontrols.login.authenticateusingmembershipproviderauthenticateeventarg e system.web.ui.webcontrols.login.onauthenticateauthenticateeventarg e system.web.ui.webcontrols.login.attemptlogin system.web.ui.webcontrols.login.onbubbleeventobject sourc eventarg e system.web.ui.control.raisebubbleeventobject sourc eventarg arg system.web.ui.webcontrols.button.oncommandcommandeventarg e system.web.ui.webcontrols.button.raisepostbackeventstr eventargu system.web.ui.webcontrols.button.system.web.ui.ipostbackeventhandler.raisepostbackeventstr eventargu system.web.ui.page.raisepostbackeventipostbackeventhandl sourcecontrol string eventargu system.web.ui.page.raisepostbackeventnamevaluecollect postdata system.web.ui.page.processrequestmainboolean includestagesbeforeasyncpoint boolean includestagesafterasyncpoint,0.17464424320827943,135,asp.net c#,login action fail intermitt,9,login|authentication|scripting|password|security|username|salt|validate|signing,0.22379858791828156
,2019-09-17 18:48:20,130,57980333,"tri arcore1.5.0 uniti 2019.1.0f2 abl run game phone click play button try build run show multipl error library\packagecache\com.unity.multiplayer-hlapi@1.0.4\runtime\defaultnetworktransport.cs73,37 error cs0117 networktransport contain definit doesendpointuseplatformprotocol library\packagecache\com.unity.multiplayer-hlapi@1.0.4\runtime\networkdiscovery.cs317,30 error cs0117 networktransport contain definit setmulticastlock library\packagecache\com.unity.multiplayer-hlapi@1.0.4\runtime\networkdiscovery.cs348,30 error cs0117 networktransport contain definit setmulticastlock library\packagecache\com.unity.multiplayer-hlapi@1.0.4\runtime\networkdiscovery.cs388,30 error cs0117 networktransport contain definit setmulticastlock library\packagecache\com.unity.multiplayer-hlapi@1.0.4\runtime\networkdiscovery.cs449,34 error cs0117 networktransport contain definit setmulticastlock library\packagecache\com.unity.textmeshpro@2.0.0\scripts\runtime\tmp_updatemanager.cs134,36 error cs0246 type namespac name scriptablerendercontext found miss use direct assembl reference? c:\program files\unity\hub\editor\2019.1.0f2\editor\data\resources\packagemanager\builtinpackages\com.unity.timeline\runtime\animation\animationoutputweightprocessor.cs21,9 error cs0122 animationmotionxtodeltaplay inaccess due protect level c:\program files\unity\hub\editor\2019.1.0f2\editor\data\resources\packagemanager\builtinpackages\com.unity.timeline\runtime\events\signals\signalasset.cs11,6 error cs0122 assetfilenameextensionattribut inaccess due protect level error build player script compil error build complet result fail unityengine.guiutility:processeventint32 intptr unityeditor.buildplayerwindow+buildmethodexcept 9 error unityeditor.buildplayerwindow+defaultbuildmethods.buildplay unityeditor.buildplayeropt option [0x00242] c:\buildslave\unity\build\editor\mono\buildplayerwindowbuildmethods.cs:194 unityeditor.buildplayerwindow.callbuildmethod system.boolean askforbuildloc unityeditor.buildopt defaultbuildopt [0x0007f] c:\buildslave\unity\build\editor\mono\buildplayerwindowbuildmethods.cs:97 unityengine.guiutility:processeventint32 intptr error tri build run 31 warn",0.11538461538461539,15,android-augmented-reality arcore augmented-reality c# unity3d,arcor uniti let run game build run,5,transport|scripting|protect|signing|asset,0.21300861239433289
#1 #3 return gener 8017 userid password account invalid error secur reason detail actual caus error #2 return 3032 user password expir warn error is/wa alreadi anoth session log statement allow session chang password,2018-08-21 09:07:59.813 UTC,87,51945251,tri connect teradata via ssi packag want valid credenti use connect teradata valid involv follow check user account valid user valid password expir user account valid lock guess send tri correct credenti connect account lock must someth return respons indic account lock three point implement trick,0.1839080459770115,16,c# ssis teradata,teradata account valid ssi,5,validate|credential|user account|password|security,0.20668885111808777
,2015-03-28 03:45:49.693 UTC,198,29313444,"use dotnetopenauth tokenprovid client application.w use dotnetopenauth version 4.3.4.we use oauth version 1.0 client applic make request https://mytokenprovider/getrequesttoken receiv 500 intern server error go log tokenprovid get follow messag log 2015-03-27 23:04:06,395 gmt-4 [9] info dotnetopenauth.messaging.channel - scan incom request messag http://mytokenprovider/getrequesttoken 2015-03-27 23:04:06,395 gmt-4 [9] debug dotnetopenauth.messaging.channel - incom request receiv unauthorizedtokenrequest 2015-03-27 23:04:06,395 gmt-4 [9] info dotnetopenauth.messaging.channel - process incom unauthorizedtokenrequest 1.0.1 messag oauth_callback https://myclientapplication/account/login?returnurl=https%3a%2f%2fmyclientapplication%2fhome%2f oauth_consumer_key mykeyher oauth_nonc hhdkqhqx oauth_signature_method hmac-sha1 oauth_signatur e7q4sc10ju/6meed3vhsemwvewo= oauth_vers 1.0 oauth_timestamp 1427511846 2015-03-27 23:04:06,395 gmt-4 [9] debug dotnetopenauth.messaging.bind - verifi incom unauthorizedtokenrequest messag signatur e7q4sc10ju/6meed3vhsemwvewo= 2015-03-27 23:04:06,395 gmt-4 [9] debug dotnetopenauth.messaging.channel - appli secret messag prepar sign signatur verif 2015-03-27 23:04:06,411 gmt-4 [9] debug dotnetopenauth.messaging.bind - construct signatur base string post&amp;http%3a%2f%2fmytokenprovider%2fgetrequesttoken&amp;oauth_callback%3dhttps%253a%252f%252fmyclientapplication%252faccount%252flogin%253freturnurl%253dhttps%25253a%25252f%25252fmyclientapplication%25252f%2526returned%253dtrue%26oauth_consumer_key%3dmykeyhere%26oauth_nonce%3dhhdkqhqx%26oauth_signature_method%3dhmac-sha1%26oauth_timestamp%3d1427511846%26oauth_version%3d1.0 2015-03-27 23:04:06,411 gmt-4 [9] error dotnetopenauth.messaging.bind - signatur verif fail 2015-03-27 23:04:06,411 gmt-4 [9] error handleerrorwithloggingattribut - manag applic error dotnetopenauth.messaging.bindings.invalidsignatureexcept messag signatur incorrect dotnetopenauth.oauth.channelelements.signingbindingelementbase.processincomingmessageiprotocolmessag messag dotnetopenauth.oauth.channelelements.signingbindingelementchain.processincomingmessageiprotocolmessag messag dotnetopenauth.messaging.channel.processincomingmessageiprotocolmessag messag dotnetopenauth.messaging.channel.readfromrequesthttprequestbas httprequest oauthmanager.getauthorizationtokenstr oauthuri controllers.accountcontroller.getrequesttoken lambda_methodclosur controllerbas object[] system.web.mvc.reflectedactiondescriptor.executecontrollercontext controllercontext idictionary`2 paramet system.web.mvc.controlleractioninvoker.invokeactionmethodcontrollercontext controllercontext actiondescriptor actiondescriptor idictionary`2 paramet system.web.mvc.async.asynccontrolleractioninvoker.&lt;>c__displayclass42.b__41 system.web.mvc.async.asynccontrolleractioninvoker.&lt;>c__displayclass37.&lt;>c__displayclass39.b__33 system.web.mvc.async.asynccontrolleractioninvoker.&lt;>c__displayclass4f.b__49 system.web.mvc.async.asynccontrolleractioninvoker.&lt;>c__displayclass4f.b__49 system.web.mvc.async.asynccontrolleractioninvoker.&lt;>c__displayclass37.b__36iasyncresult asyncresult system.web.mvc.async.asynccontrolleractioninvoker.&lt;>c__displayclass25.&lt;>c__displayclass2a.b__20 system.web.mvc.async.asynccontrolleractioninvoker.&lt;>c__displayclass25.b__22iasyncresult asyncresult> someon pleas help figur signatur verif failing? work previous figur chang stop work thank",0.23737373737373738,47,asp.net-mvc c# dotnetopenauth oauth,dotnetopenauth - signatur verif fail,9,oauth|signing|signature|authorise|login|nonce|hmac|validate|scripting,0.20662014186382294
,2017-11-14 06:29:38.773 UTC,105,47279023,"use asp.net core 1.1.2 call http servic tls1.2 enabl call httpclient follow secur error system.net.http.httprequestexcept error occur send request ---> system.net.http.winhttpexcept secur error occur system.runtime.exceptionservices.exceptiondispatchinfo.throw system.runtime.compilerservices.taskawaiter.handlenonsuccessanddebuggernotificationtask task system.net.http.winhttphandler.d__105.movenext enabl tls1.2 use httpclient use asp core 1.x http call work fine postman note tri mani possibl below,but none work handler.clientcertificateopt = clientcertificateoption.automat handler.sslprotocol = sslprotocols.tls11 | sslprotocols.tls12 | sslprotocols.tl handler.preauthent = true handler.servercertificatecustomvalidationcallback += messag cert chain error => { return true } tri ad option registri key fail new server new cipher ad andth client must support one follow tls 1.2 cipher suit tls_ecdhe_rsa_with_aes_128_gcm_sha256 tls_ecdhe_rsa_with_aes_256_gcm_sha384",0.24761904761904763,26,asp.net-core c# ssl tls1.2,enabletl 1.2 asp.net core 1.1.2 httpclient,9,ssl|tls|security|certificate|authentication|validate|cipher|rsa|aes,0.20073376595973969
asp.net custom valid control tweak custom valid logic number control believ look function valid input client use javascript and/or server show exampl use server-sid valid need work client well look clientvalidationfunct aspx code behind,2012-12-25 01:05:45.12 UTC,104,14026897,sign page text box sever requir field email user name password etc.. valid empti one error messag show fill out? know probabl requiredfieldvalid form error messag error messag show everi fail valid instead gener pleas fill requir field messag thought validationgroup fix text box valid besid requiredfieldvalid figur problemat think assign one text box 1 validationgroup? best practic this? thank,0.19230769230769232,20,asp.net c# validation,validationgroup valid multipl textbox effici asp c,5,validate|signing|user name|password|scripting,0.19169330596923828
,2013-12-17 20:51:51.687 UTC,102,20644419,"mvc websit work 3 week suddenli start get http error 503 servic unavail whenev connect websit host sent dump file said event code 3012 event messag error occur process web script resourc request resourc identifi fail decrypt except type httpexcept except messag unabl valid data system.web.configuration.machinekeysection.encryptordecryptdataboolean fencrypt byte[] buf byte[] modifi int32 start int32 length boolean usevalidationsymalgo boolean uselegacymod ivtyp ivtyp boolean signdata system.web.ui.page.decryptstringstr purpos purpos system.web.handlers.scriptresourcehandler.processrequesthttpcontextbas context virtualfileread fileread action`2 logact boolean validatepath research ad machinekey validationkey=autogenerate,isolateapp decryptionkey=autogenerate,isolateapp validation=3d decryption=3d web.config file base research onlin still luck help greatli appreci",0.16666666666666666,17,asp.net asp.net-mvc asp.net-mvc-4 c# machinekey,unabl valid data - mvc site,6,validate|availability|scripting|crypt|encrypt|signing,0.1912991851568222
,2019-11-11 10:19:47,77,58799485,im write code order comun webdav order read xml file url webdav http librari webdavcli order connect try connect http url error author certif valid except clientui.propfind error occur send request.|180|2019-11-11 11:05:41.862|error|home| system.net.http.httpclienthandler.sendasynchttprequestmessag request cancellationtoken cancellationtoken system.net.http.httpclient.finishsendasyncbufferedtask 2 hashtableuijson dictionari 2 hashtableid string url string resourceschema string usernam string password string languag boolean isfromfullsynchro| error certif author invalid correct connect webdav url http programmaticali without error,0.12987012987012986,10,c# https uwp webdav,connect http webdav url c#/uwp webdav librari,6,authorise|certificate|validate|hash|username|password,0.1833563894033432
cours fail told requir administr access non-administr account abil provid expect run administr privileg non-admin users? major secur flaw window possibl need app run administr access non-admin know instal app schedul task task run use admin account non-admin still abl see run task suppli admin credenti specifi run administr either chang run administr far see tri obtain registri permiss reason need administr privileg try revisit post code deal registri access try figur caus problem,2011-05-19 13:41:37.28 UTC,160,6059615,ad manifest file element built project keep crash non-administr run unhandl except system.security.securityexcept request permissi type system.security.permissions.registrypermiss mscorlib version=2 0.0.0 culture=neutr publickeytoken=b77a5c561934e089 fail system.security.codeaccesssecurityengine.checkobject demand stackcrawlma rk&amp stackmark boolean ispermset system.security.codeaccesspermission.demand microsoft.win32.registrykey.checksubkeyreadpermissionstr subkeynam microsoft.win32.registrykey.checkopensubkeypermissionstr subkeynam b oolean subkeywrit microsoft.win32.registrykey.opensubkeystr name boolean writabl lotustrustedsites.registrykeyextensionmethods.getorcreatesubkeyregistryk registrykey string parentkeyloc string key boolean writabl lotustrustedsites.reportdownloader.mainstring[] arg action fail demand type first permiss fail system.security.permissions.registrypermiss assembl appdomain fail myapp version=1.0.0.0 culture=neutr publickeytoken=nul method caus failur microsoft.win32.registrykey getorcreatesubkeymicrosoft.win32.registrykey syst m.string system.str boolean,0.0875,14,c# manifest security visual-studio-2008 visual-studio-2010,.net consol app keep crash,4,security|trust|privilege|credential,0.1791156828403473
ship project templat alreadi consum nonc includ oauth-author request appli tri consum nonc second time thu detect replay attack first modul author incom http request asp.net level wherea second modul author incom wcf request specif top asp.net valid wcf-style author appli exactli one appli -- one found root issu oauthauthenticationmodul process request updat isoauthcontrollerrequest function fix sure proper fix point move sure natur oauth dotnetopenauth frustrat program year,2011-04-03 00:23:36.583 UTC,460,5526755,"tri protect wcf servic use dotnetopenauth relyingpartylog sampl consum authent work go make auhtor request api error messag alreadi process indic replay attack progress stack trace dotnetopenauth.messaging.bindings.standardreplayprotectionbindingelement.processincomingmessageiprotocolmessag messag dotnetopenauth.messaging.channel.processincomingmessageiprotocolmessag messag dotnetopenauth.messaging.channel.readfromrequesthttprequestinfo httprequest dotnetopenauth.messaging.channel.tryreadfromrequest[trequest]httprequestinfo httprequest trequest&amp request dotnetopenauth.oauth.serviceprovider.readprotectedresourceauthorizationhttprequestinfo request dotnetopenauth.oauth.serviceprovider.readprotectedresourceauthorizationhttprequestmessageproperti request uri requesturi relyingpartylogic.oauthauthorizationmanager.checkaccesscoreoperationcontext operationcontext d:\code\nodeler\nodeler.relyingpartylogic\oauthauthorizationmanager.cs:lin 44 system.servicemodel.serviceauthorizationmanager.checkaccessoperationcontext operationcontext system.servicemodel.serviceauthorizationmanager.checkaccessoperationcontext operationcontext message&amp messag system.servicemodel.dispatcher.authorizationbehavior.authorizemessagerpc&amp rpc trace follow 2011-04-02 19:16:12,414 gmt-5 [16] debug dotnetopenauth.messaging.channel - send messag authorizedtokenrespons 2011-04-02 19:16:15,362 gmt-5 [16] info dotnetopenauth.messaging.channel - scan incom request messag http://localhost:16468/api/helloworld?oauth_token=7ix8k5nxn4ne1exqwlhye6klk7a%3d&amp;oauth_consumer_key=f9fa91faa048434a86ab95681e9f732d&amp;oauth_nonce=n7spwjpl&amp;oauth_signature_method=hmac-sha1&amp;oauth_signature=hynqvfk2orp%2fnmfjljdnih4c8n8%3d&amp;oauth_version=1.0&amp;oauth_timestamp=1301789775 2011-04-02 19:16:15,376 gmt-5 [16] debug dotnetopenauth.messaging.channel - incom request receiv accessprotectedresourcerequest 2011-04-02 19:16:15,377 gmt-5 [16] info dotnetopenauth.messaging.channel - process incom accessprotectedresourcerequest 1.0 messag oauth_token 7ix8k5nxn4ne1exqwlhye6klk7a= oauth_consumer_key f9fa91faa048434a86ab95681e9f732d oauth_nonc n7spwjpl oauth_signature_method hmac-sha1 oauth_signatur hynqvfk2orp/nmfjljdnih4c8n8= oauth_vers 1.0 oauth_timestamp 1301789775 2011-04-02 19:16:15,377 gmt-5 [16] debug dotnetopenauth.messaging.bind - verifi incom accessprotectedresourcerequest messag signatur hynqvfk2orp/nmfjljdnih4c8n8= 2011-04-02 19:16:15,377 gmt-5 [16] debug dotnetopenauth.messaging.channel - appli secret messag prepar sign signatur verif 2011-04-02 19:16:15,423 gmt-5 [16] debug dotnetopenauth.messaging.bind - construct signatur base string get&amp;http%3a%2f%2flocalhost%3a16468%2fapi%2fhelloworld&amp;oauth_consumer_key%3df9fa91faa048434a86ab95681e9f732d%26oauth_nonce%3dn7spwjpl%26oauth_signature_method%3dhmac-sha1%26oauth_timestamp%3d1301789775%26oauth_token%3d7ix8k5nxn4ne1exqwlhye6klk7a%253d%26oauth_version%3d1.0 2011-04-02 19:16:15,424 gmt-5 [16] debug dotnetopenauth.messaging.bind - bind element dotnetopenauth.oauth.channelelements.signingbindingelementchain appli messag 2011-04-02 19:16:15,424 gmt-5 [16] debug dotnetopenauth.messaging.bind - bind element dotnetopenauth.messaging.bindings.standardexpirationbindingel appli messag 2011-04-02 19:16:15,424 gmt-5 [16] debug dotnetopenauth.messaging.bind - bind element dotnetopenauth.messaging.bindings.standardreplayprotectionbindingel appli messag 2011-04-02 19:16:15,424 gmt-5 [16] debug dotnetopenauth.messaging.bind - bind element dotnetopenauth.oauth.channelelements.oauthhttpmethodbindingel appli messag 2011-04-02 19:16:15,528 gmt-5 [16] debug dotnetopenauth.messaging.bind - bind element dotnetopenauth.oauth.channelelements.tokenhandlingbindingel appli messag 2011-04-02 19:16:15,528 gmt-5 [16] debug dotnetopenauth.messaging.channel - bind element process receiv accessprotectedresourcerequest 1.0 messag oauth_token 7ix8k5nxn4ne1exqwlhye6klk7a= oauth_consumer_key f9fa91faa048434a86ab95681e9f732d oauth_nonc n7spwjpl oauth_signature_method hmac-sha1 oauth_signatur hynqvfk2orp/nmfjljdnih4c8n8= oauth_vers 1.0 oauth_timestamp 1301789775 2011-04-02 19:16:15,816 gmt-5 [5] info dotnetopenauth.messaging.channel - scan incom request messag http://localhost:16468/api/helloworld?oauth_token=7ix8k5nxn4ne1exqwlhye6klk7a%3d&amp;oauth_consumer_key=f9fa91faa048434a86ab95681e9f732d&amp;oauth_nonce=n7spwjpl&amp;oauth_signature_method=hmac-sha1&amp;oauth_signature=hynqvfk2orp%2fnmfjljdnih4c8n8%3d&amp;oauth_version=1.0&amp;oauth_timestamp=1301789775 2011-04-02 19:16:15,826 gmt-5 [5] debug dotnetopenauth.messaging.channel - incom request receiv accessprotectedresourcerequest 2011-04-02 19:16:15,826 gmt-5 [5] info dotnetopenauth.messaging.channel - process incom accessprotectedresourcerequest 1.0 messag oauth_token 7ix8k5nxn4ne1exqwlhye6klk7a= oauth_consumer_key f9fa91faa048434a86ab95681e9f732d oauth_nonc n7spwjpl oauth_signature_method hmac-sha1 oauth_signatur hynqvfk2orp/nmfjljdnih4c8n8= oauth_vers 1.0 oauth_timestamp 1301789775 2011-04-02 19:16:15,826 gmt-5 [5] debug dotnetopenauth.messaging.bind - verifi incom accessprotectedresourcerequest messag signatur hynqvfk2orp/nmfjljdnih4c8n8= 2011-04-02 19:16:15,826 gmt-5 [5] debug dotnetopenauth.messaging.channel - appli secret messag prepar sign signatur verif 2011-04-02 19:16:15,853 gmt-5 [5] debug dotnetopenauth.messaging.bind - construct signatur base string get&amp;http%3a%2f%2flocalhost%3a16468%2fapi%2fhelloworld&amp;oauth_consumer_key%3df9fa91faa048434a86ab95681e9f732d%26oauth_nonce%3dn7spwjpl%26oauth_signature_method%3dhmac-sha1%26oauth_timestamp%3d1301789775%26oauth_token%3d7ix8k5nxn4ne1exqwlhye6klk7a%253d%26oauth_version%3d1.0 2011-04-02 19:16:15,853 gmt-5 [5] debug dotnetopenauth.messaging.bind - bind element dotnetopenauth.oauth.channelelements.signingbindingelementchain appli messag 2011-04-02 19:16:15,853 gmt-5 [5] debug dotnetopenauth.messaging.bind - bind element dotnetopenauth.messaging.bindings.standardexpirationbindingel appli messag 2011-04-02 19:16:15,853 gmt-5 [5] error dotnetopenauth.openid - replay nonc detect n7spwjpl 04/03/2011 00:16:15 reject messag updat dig problem standardexpirationbindingel appli twice caus nonc ad noncememorystor life figur happen",0.2891304347826087,133,c# dotnetopenauth,dotnetopenauth messag alreadi process indic replay attack progress,11,attack|protect|authentication|oauth|authorise|nonce|signing|signature|hmac|openid|validate,0.17616719007492065
,2014-02-10 23:17:34.797 UTC,80,21689920,get hundr follow errror product server iis7.5 .net 4.5 web app except type system.web.httpexcept except messag unabl valid data request url http://mydomain.com/webresource.axd?d=vikcoyaxqsd6emculxdkdqvxjxcarv8fwplfann8w4w1&amp;t=633802992069218315&amp;aspxautodetectcookiesupport=1 request path /webresource.axd stack trace system.web.configuration.machinekeysection.encryptordecryptdataboolean fencrypt byte[] buf byte[] modifi int32 start int32 length boolean usevalidationsymalgo boolean uselegacymod ivtyp ivtyp boolean signdata began migrat site .net 3.5 .net 4 4.5 machinekey element web.config machinekey validationkey=keya decryptionkey=keyb validation=sha1 compatibilitymode=framework20sp1 need gener new machinekeys? aspnet membership passwords? help greatli appreci,0.175,14,asp.net c# visual-studio-2013 webresource.axd,unabl valid data encryptordecryptdata error,6,validate|encrypt|crypt|cookie|signing|password,0.16881002485752106
keysiz long enough except mention longer key match except size issuersigningkey = new symmetricsecuritykeyencoding.utf8.getbyteskey code size key valu smaller expect,2019-08-07 05:04:26.21 UTC,132,57387255,​i creat proxi apige edg gener jwt token.i creat anoth proxi apige edg valid jwt token abl valid use that.now unabl valid jwt token complet .net/c# code .net code tri jwt gener polici code apige edg error messag microsoft.identitymodel.tokens.securitytokeninvalidsignatureexcept idx10503 signatur valid fail key tri &#39;microsoft.identitymodel.tokens.symmetricsecuritykey keyid &#39;&#39 internalid &#39;96edcecb-17ad-4022-a50b-558f426ed337&#39 keyid &#39; except caught &#39;system.argumentoutofrangeexcept idx10603 decrypt fail key tri &#39;hs256&#39 except caught &#39;128&#39 token &#39;96&#39 paramet name keysiz microsoft.identitymodel.tokens.symmetricsignatureprovider..ctorsecuritykey key string algorithm boolean willcreatesignatur microsoft.identitymodel.tokens.cryptoproviderfactory.createsignatureprovidersecuritykey key string algorithm boolean willcreatesignatur microsoft.identitymodel.tokens.cryptoproviderfactory.createforverifyingsecuritykey key string algorithm system.identitymodel.tokens.jwt.jwtsecuritytokenhandler.validatesignaturebyte[] encodedbyt byte[] signatur securitykey key string algorithm tokenvalidationparamet validationparamet system.identitymodel.tokens.jwt.jwtsecuritytokenhandler.validatesignaturestr token tokenvalidationparamet validationparamet &#39;......,0.2727272727272727,36,.net apigee c# jwt,valid apige edg gener jwt token .net/c# code,6,validate|security|signing|signature|crypt|encode,0.16472327709197998
bet clustermanifest.xml miss certif properti within nodetyp definit sinc file get gener automat alter manifest manually? need certif section back requir certificatesclust server client next verifi certif config properli instal correct thumbprintsdo forget special hidden charact begin thumbprint final sf instal corrupt someth reinstal sf artifact,2017-09-05 18:53:56.787 UTC,689,46061589,"attempt instal cluster get error attempt instal configur get follow error run best practic analyzer. best practic analyz complet success creat servic fabric cluster. process valid cluster config configur node default instal directori chosen base system drive machin localhost copi instal machin configur machin localhost system.fabric.fabricdeployer.clustermanifestvalidationexcept cluster manifest valid fail except system.argumentexcept nodetype.certif req uir section secur paramet serverauthcredentialtyp x509 system.fabric.management.windowsfabricvalidator.fabricsettingsvalidator.verifycertificatesstring[] sourc string[] destin clustermanifesttypenodetyp nodet ype system.fabric.management.windowsfabricvalidator.fabricsettingsvalidator.verifydepend system.fabric.management.windowsfabricvalidator.fabricsettingsvalidator.validateset system.fabric.management.windowsfabricvalidator.fabricvalidator.valid system.fabric.fabricdeployer.fabricvalidatorwrapper.validateandensuredefaultimagestor system.fabric.fabricdeployer.fabricvalidatorwrapper.validateandensuredefaultimagestor system.fabric.fabricdeployer.configureoperation.onexecuteoperationdeploymentparamet paramet clustermanifesttyp clustermanifest infrastructur infrastruct ure system.fabric.fabricdeployer.deploymentoperation.executeoperationprivatedeploymentparamet paramet system.fabric.fabricdeployer.deploymentoperation.executeoperationdeploymentparamet paramet boolean disablefiletrac system.fabric.fabricdeployer.configurationdeployer.newnodeconfigurationinnerstr clustermanifestpath string infrastructuremanifestpath string jsonclusterconfi gpath string fabricdataroot string fabriclogroot string fabrichostcredentialus securestr fabrichostcredentialpassword boolean runfabrichostserviceasmanu boo lean removeexistingconfigur fabricpackagetyp fabricpackagetyp string fabricpackageroot string machinenam string bootstrappackagepath system.fabric.fabricdeployer.clustermanifestvalidationexcept cluster manifest valid fail except system.argumentexcept nodetype.certif req uir section secur paramet serverauthcredentialtyp x509 system.fabric.management.windowsfabricvalidator.fabricsettingsvalidator.verifycertificatesstring[] sourc string[] destin clustermanifesttypenodetyp nodet ype system.fabric.management.windowsfabricvalidator.fabricsettingsvalidator.verifydepend system.fabric.management.windowsfabricvalidator.fabricsettingsvalidator.validateset system.fabric.management.windowsfabricvalidator.fabricvalidator.valid system.fabric.fabricdeployer.fabricvalidatorwrapper.validateandensuredefaultimagestor system.fabric.fabricdeployer.fabricvalidatorwrapper.validateandensuredefaultimagestor system.fabric.fabricdeployer.configureoperation.onexecuteoperationdeploymentparamet paramet clustermanifesttyp clustermanifest infrastructur infrastruct ure system.fabric.fabricdeployer.deploymentoperation.executeoperationprivatedeploymentparamet paramet system.fabric.fabricdeployer.deploymentoperation.executeoperationdeploymentparamet paramet boolean disablefiletrac system.fabric.fabricdeployer.configurationdeployer.newnodeconfigurationinnerstr clustermanifestpath string infrastructuremanifestpath string jsonclusterconfi gpath string fabricdataroot string fabriclogroot string fabrichostcredentialus securestr fabrichostcredentialpassword boolean runfabrichostserviceasmanu boo lean removeexistingconfigur fabricpackagetyp fabricpackagetyp string fabricpackageroot string machinenam string bootstrappackagepath system.fabric.fabricdeployer.configurationdeployer.newnodeconfigurationstr clustermanifestpath string infrastructuremanifestpath string jsonclusterconfigpath string fabricdataroot string fabriclogroot string fabrichostcredentialus securestr fabrichostcredentialpassword boolean runfabrichostserviceasmanu boolean removeexistingconfigur fabricpackagetyp fabricpackagetyp string fabricpackageroot string machinenam string bootstrappackagepath createclust error system.aggregateexcept one error occur ---> system.fabric.fabricdeployer.clustermanifestvalidationexcept cluster manifest valid ation fail except system.argumentexcept nodetype.certif requir section secur paramet serverauthcredentialtyp x509 system.fabric.management.windowsfabricvalidator.fabricsettingsvalidator.verifycertificatesstring[] sourc string[] destin clustermanifesttypenodetyp nodet ype system.fabric.management.windowsfabricvalidator.fabricsettingsvalidator.verifydepend system.fabric.management.windowsfabricvalidator.fabricsettingsvalidator.validateset system.fabric.management.windowsfabricvalidator.fabricvalidator.valid system.fabric.fabricdeployer.fabricvalidatorwrapper.validateandensuredefaultimagestor system.fabric.fabricdeployer.fabricvalidatorwrapper.validateandensuredefaultimagestor system.fabric.fabricdeployer.configureoperation.onexecuteoperationdeploymentparamet paramet clustermanifesttyp clustermanifest infrastructur infrastruct ure system.fabric.fabricdeployer.deploymentoperation.executeoperationprivatedeploymentparamet paramet system.fabric.fabricdeployer.deploymentoperation.executeoperationdeploymentparamet paramet boolean disablefiletrac system.fabric.fabricdeployer.configurationdeployer.newnodeconfigurationinnerstr clustermanifestpath string infrastructuremanifestpath string jsonclusterconfi gpath string fabricdataroot string fabriclogroot string fabrichostcredentialus securestr fabrichostcredentialpassword boolean runfabrichostserviceasmanu boo lean removeexistingconfigur fabricpackagetyp fabricpackagetyp string fabricpackageroot string machinenam string bootstrappackagepath system.fabric.fabricdeployer.configurationdeployer.newnodeconfigurationstr clustermanifestpath string infrastructuremanifestpath string jsonclusterconfigpath string fabricdataroot string fabriclogroot string fabrichostcredentialus securestr fabrichostcredentialpassword boolean runfabrichostserviceasmanu boolean removeexistingconfigur fabricpackagetyp fabricpackagetyp string fabricpackageroot string machinenam string bootstrappackagepath microsoft.servicefabric.deploymentmanager.deploymentmanagerinternal.&lt;>c__displayclass14_0.b__1str machinenam system.threading.tasks.parallel.&lt;>c__displayclass17_0 1 bodi action 4 bodywithloc func 1 localfin system.threading.tasks.parallel.foreachworker[tsource,tlocal]ienumer 1 bodi action 3 bodywithstateandindex func 5 bodywitheveryth func 1 localfin system.threading.tasks.parallel.foreach[tsource]ienumer 1 bodi microsoft.servicefabric.deploymentmanager.deploymentmanagerinternal.&lt;>c__displayclass14_0.b__0 system.threading.tasks.task.execut --- end stack trace previou locat except thrown --- system.runtime.compilerservices.taskawaiter.throwfornonsuccesstask task system.runtime.compilerservices.taskawaiter.handlenonsuccessanddebuggernotificationtask task microsoft.servicefabric.deploymentmanager.deploymentmanagerinternal.d__1.movenext ---> inner except #0 system.fabric.fabricdeployer.clustermanifestvalidationexcept cluster manifest valid fail except system.argumentexcept detype.certif requir section secur paramet serverauthcredentialtyp x509 system.fabric.management.windowsfabricvalidator.fabricsettingsvalidator.verifycertificatesstring[] sourc string[] destin clustermanifesttypenodetyp nodet ype system.fabric.management.windowsfabricvalidator.fabricsettingsvalidator.verifydepend system.fabric.management.windowsfabricvalidator.fabricsettingsvalidator.validateset system.fabric.management.windowsfabricvalidator.fabricvalidator.valid system.fabric.fabricdeployer.fabricvalidatorwrapper.validateandensuredefaultimagestor system.fabric.fabricdeployer.fabricvalidatorwrapper.validateandensuredefaultimagestor system.fabric.fabricdeployer.configureoperation.onexecuteoperationdeploymentparamet paramet clustermanifesttyp clustermanifest infrastructur infrastruct ure system.fabric.fabricdeployer.deploymentoperation.executeoperationprivatedeploymentparamet paramet system.fabric.fabricdeployer.deploymentoperation.executeoperationdeploymentparamet paramet boolean disablefiletrac system.fabric.fabricdeployer.configurationdeployer.newnodeconfigurationinnerstr clustermanifestpath string infrastructuremanifestpath string jsonclusterconfi gpath string fabricdataroot string fabriclogroot string fabrichostcredentialus securestr fabrichostcredentialpassword boolean runfabrichostserviceasmanu boo lean removeexistingconfigur fabricpackagetyp fabricpackagetyp string fabricpackageroot string machinenam string bootstrappackagepath system.fabric.fabricdeployer.configurationdeployer.newnodeconfigurationstr clustermanifestpath string infrastructuremanifestpath string jsonclusterconfigpath string fabricdataroot string fabriclogroot string fabrichostcredentialus securestr fabrichostcredentialpassword boolean runfabrichostserviceasmanu boolean removeexistingconfigur fabricpackagetyp fabricpackagetyp string fabricpackageroot string machinenam string bootstrappackagepath microsoft.servicefabric.deploymentmanager.deploymentmanagerinternal.&lt;>c__displayclass14_0.b__1str machinenam system.threading.tasks.parallel.&lt;>c__displayclass17_0`1.b__1 system.threading.tasks.task.innerinvokewithargtask childtask system.threading.tasks.task.&lt;>c__displayclass176_0.b__0object &lt;--- trace folder alreadi exist trace written exist trace folder c:\ooo360\5.7.220\deploymenttrac clean fault instal fabricroot found registri target machin localhost creat cluster fail inform pleas look trace fabriclogroot creat cluster fail except system.aggregateexcept one error occur ---> system.aggregateexcept one error occur microsoft.servicefabric.deploymentmanager.deploymentmanagerinternal.d__1.movenext --- end stack trace previou locat except thrown --- system.runtime.compilerservices.taskawaiter.throwfornonsuccesstask task system.runtime.compilerservices.taskawaiter.handlenonsuccessanddebuggernotificationtask task microsoft.servicefabric.deploymentmanager.deploymentmanager.d__2.movenext --- end inner except stack trace --- system.threading.tasks.task.throwifexceptionalboolean includetaskcanceledexcept system.threading.tasks.task.waitint32 millisecondstimeout cancellationtoken cancellationtoken microsoft.servicefabric.powershell.clustercmdletbase.newclusterstr clusterconfigurationfilepath string fabricpackagesourcepath boolean nocleanuponfailur bo olean forc ---> inner except #0 system.aggregateexcept one error occur microsoft.servicefabric.deploymentmanager.deploymentmanagerinternal.d__1.movenext --- end stack trace previou locat except thrown --- system.runtime.compilerservices.taskawaiter.throwfornonsuccesstask task system.runtime.compilerservices.taskawaiter.handlenonsuccessanddebuggernotificationtask task microsoft.servicefabric.deploymentmanager.deploymentmanager.d__2.movenext&lt;--- creat cluster fail except system.aggregateexcept one error occur ---> system.aggregateexcept one error occur microsoft.servicefabric.deploymentmanager.deploymentmanagerinternal.d__1.movenext --- end stack trace previou locat except thrown --- system.runtime.compilerservices.taskawaiter.throwfornonsuccesstask task system.runtime.compilerservices.taskawaiter.handlenonsuccessanddebuggernotificationtask task microsoft.servicefabric.deploymentmanager.deploymentmanager.d__2.movenext --- end inner except stack trace --- system.threading.tasks.task.throwifexceptionalboolean includetaskcanceledexcept system.threading.tasks.task.waitint32 millisecondstimeout cancellationtoken cancellationtoken microsoft.servicefabric.powershell.clustercmdletbase.newclusterstr clusterconfigurationfilepath string fabricpackagesourcepath boolean nocleanuponfailur boo lean forc ---> inner except #0 system.aggregateexcept one error occur microsoft.servicefabric.deploymentmanager.deploymentmanagerinternal.d__1.movenext --- end stack trace previou locat except thrown --- system.runtime.compilerservices.taskawaiter.throwfornonsuccesstask task system.runtime.compilerservices.taskawaiter.handlenonsuccessanddebuggernotificationtask task microsoft.servicefabric.deploymentmanager.deploymentmanager.d__2.movenext&lt;--- configur file } wrong? specifi nodetypes.certif valu",0.1683599419448476,116,.net azure azure-service-fabric c# microservices,kind specif requir nodetype.certif,6,certificate|validate|security|credential|password|forge,0.15360026061534882
